226251.00000
511759.79310
189072.00000
136593.00000
151540.00000
372448.00000
187235.00000
115350.00000
187235.00000
151540.00000
95350.00000
95350.00000
101304.00000
120379.00000
101304.00000
57191.00000
97068.00000
57191.00000
47608.00000
15043.00000
15043.00000
67900.00000
57191.00000
81406.00000
61823.00000
53526.00000
33033.00000
33033.00000
63791.00000
31258.00000
15043.00000
67900.00000
31258.00000
45473.00000
21480.00000
21480.00000
43237.00000
17403.00000
67900.00000
67900.00000
67900.00000
61800.80000
15043.00000
53526.00000
53526.00000
31258.00000
15043.00000
33033.00000
43237.00000
15043.00000
15043.00000
33033.00000
43237.00000
31258.00000
61800.80000
17403.00000
21480.00000
31258.00000
17403.00000
21480.00000
21480.00000
17403.00000
15043.00000
33033.00000
40859.18182
61681.66667
31325.83333
31258.00000
21480.00000
31325.83333
27376.00000
31258.00000
15043.00000
31325.83333
21480.00000
21480.00000
33033.00000
17403.00000
17403.00000
17403.00000
19395.00000
17403.00000
15043.00000
19395.00000
30496.81818
40827.36364
61681.66667
61681.66667
27376.00000
61681.66667
17403.00000
30496.81818
40827.36364
27376.00000
21480.00000
19395.00000
30496.81818
15043.00000
17403.00000
27376.00000
