123 1137
1 12 -22 95144
1 53 95 560348
1 70 -94 402737
1 91 -17 432649
1 92 -75 176124
1 95 43 712892
1 97 -32 297461
1 99 63 224197
1 100 5 233977
1 108 50 231473
1 112 -93 783111
1 113 -2 745039
1 114 -8 697562
2 3 -87 686583
2 21 63 166588
2 24 73 632182
2 38 -11 29466
2 52 8 454738
2 55 62 563842
2 56 30 588060
2 59 -100 621928
2 61 4 231369
2 64 -42 286090
2 69 -54 147561
2 71 75 267576
2 77 -4 493460
2 79 -83 128168
2 81 -78 739413
2 85 80 914447
2 88 -68 749462
2 96 -10 192804
2 98 23 613991
2 105 87 961336
2 123 32 397027
3 14 -86 745403
3 15 -46 591740
3 28 -82 656135
3 39 23 60979
3 41 -6 44250
3 58 -21 741086
3 59 39 558656
3 76 -97 557334
3 80 37 889359
3 85 -60 450850
3 89 -84 760580
3 100 -61 645257
3 101 -52 574969
3 102 12 186627
3 115 71 43866
3 116 0 562756
3 118 92 652926
4 11 -68 928069
4 12 -67 230342
4 14 52 272551
4 17 -16 905419
4 22 -9 86073
4 28 54 51304
4 39 81 953611
4 54 -48 620263
4 59 22 901752
4 66 26 995494
4 73 -51 584621
4 104 -21 137668
4 109 50 477913
4 116 63 944548
4 123 24 24724
5 16 -8 937758
5 17 -8 199135
5 22 71 197724
5 41 67 972021
5 42 -20 392999
5 43 12 344531
5 69 33 93415
5 71 35 251891
5 86 1 210875
5 89 -78 456014
5 90 14 73052
5 92 10 16958
5 94 -84 454093
5 97 92 785443
5 108 -96 429626
5 116 71 351357
6 11 72 528893
6 14 39 926699
6 17 56 625295
6 20 93 964462
6 25 12 778013
6 26 36 727018
6 28 41 722484
6 33 -61 912588
6 40 -88 941807
6 46 -66 331054
6 47 -43 698995
6 52 -42 149777
6 53 24 995209
6 54 10 255687
6 59 93 408034
6 61 31 671141
6 70 -61 802089
6 77 -81 707748
6 83 64 316400
6 90 -4 210862
6 93 -22 675152
6 96 14 8085
6 98 2 10747
6 110 -40 609722
6 116 42 742244
6 119 -64 737753
6 123 77 107907
7 10 -68 474432
7 17 -39 320584
7 18 71 997098
7 23 -46 877069
7 30 -77 113515
7 33 46 18286
7 35 88 757844
7 39 -38 116994
7 42 65 703506
7 43 -52 252084
7 50 -11 794387
7 64 -36 557846
7 85 8 44709
7 86 -14 824967
7 90 -3 481058
7 93 98 510801
7 107 -14 819237
7 116 33 760234
7 121 29 672646
8 14 -75 590309
8 15 -92 632564
8 20 25 837868
8 23 -75 150436
8 40 53 189957
8 43 7 273889
8 46 100 697292
8 50 5 576971
8 52 64 764512
8 54 -87 743728
8 58 39 775351
8 74 -40 955518
8 77 -41 574623
8 89 -23 514202
8 108 -42 729040
8 118 -4 690534
8 120 -59 386755
9 14 -8 528946
9 16 88 618010
9 18 -70 346787
9 24 -51 296010
9 32 35 975515
9 34 12 689369
9 46 49 73304
9 47 -87 656827
9 52 -17 475887
9 53 60 194812
9 54 -86 931505
9 62 13 882697
9 72 46 257137
9 78 3 13208
9 106 85 44672
9 111 -54 88567
9 116 15 1744
10 12 88 228237
10 13 -75 994134
10 14 18 534104
10 18 25 699683
10 29 -19 164025
10 35 97 752215
10 36 48 211298
10 38 -3 309508
10 48 67 206123
10 52 37 467488
10 54 52 402926
10 63 29 193001
10 66 -18 865136
10 74 -8 477353
10 83 -10 123151
10 85 92 606870
10 89 85 477546
10 96 -45 104431
10 102 45 21042
10 107 -62 720904
10 113 -6 144142
10 114 -2 952140
10 120 28 577697
11 34 -73 829031
11 36 93 136216
11 38 77 6422
11 40 26 71603
11 49 44 621194
11 50 -37 840687
11 54 -73 656110
11 62 73 568015
11 72 -8 42956
11 76 31 676124
11 82 70 733699
11 87 -89 413779
11 95 88 87462
11 122 70 85726
11 123 -39 507739
12 34 -73 198676
12 42 32 722193
12 53 32 966323
12 55 -63 974250
12 56 5 197400
12 57 29 327168
12 58 -55 763679
12 70 -8 902176
12 74 76 930142
12 79 -63 563072
12 83 -47 600704
12 85 90 625687
12 90 -98 201406
12 99 95 973119
12 100 -65 244909
12 106 37 27571
12 108 -49 497254
12 114 3 161508
12 115 9 263482
12 122 -3 262824
13 19 -88 551361
13 27 -98 288539
13 36 -38 489920
13 40 74 555554
13 43 37 159472
13 45 16 654804
13 62 91 605068
13 66 73 667431
13 68 -18 659297
13 73 -12 576210
13 81 77 761774
13 83 5 29347
13 85 -39 176837
13 88 -96 194323
13 91 40 15333
13 100 91 909909
13 107 -72 199511
13 111 36 190045
13 117 -94 227555
14 15 79 461730
14 16 -99 922523
14 24 88 648120
14 25 -33 275905
14 27 69 858005
14 30 -34 369470
14 31 -97 522885
14 34 -93 958992
14 40 27 614614
14 41 -71 949660
14 48 -96 242848
14 49 62 998500
14 70 38 22180
14 96 98 68774
14 104 35 402941
14 106 -10 788426
14 108 -19 665731
14 115 37 673450
14 117 -39 574472
14 118 -22 803928
14 122 11 943013
15 23 -67 471594
15 29 88 217741
15 32 11 259335
15 47 -10 424519
15 49 66 433402
15 60 89 108941
15 67 44 502028
15 78 -6 368655
15 81 -87 861995
15 86 25 739854
15 115 50 194932
15 117 12 823981
15 122 -5 182237
15 123 83 369292
16 21 -6 222370
16 26 -88 925771
16 36 56 52453
16 44 45 594196
16 52 -97 528427
16 54 -87 230687
16 62 25 553704
16 67 -49 595007
16 77 98 383841
16 91 90 41732
16 101 4 342569
16 104 -16 199939
16 110 -53 268090
16 114 92 832684
16 117 33 417002
16 118 42 557859
16 123 -14 759818
17 18 87 999105
17 41 42 210851
17 43 1 798397
17 58 -99 374360
17 68 89 873847
17 70 -92 833206
17 71 -33 913823
17 73 15 572928
17 81 -58 280617
17 82 12 997038
17 83 44 466093
17 84 -6 816680
17 91 27 349334
17 108 86 786442
17 111 -81 446248
17 115 68 110040
18 27 -79 232210
18 38 6 453657
18 55 -79 571749
18 57 -3 552248
18 65 -15 368912
18 69 -45 684039
18 73 37 903154
18 74 -87 303118
18 80 -68 437641
18 88 76 518704
18 90 -18 606737
18 100 -20 401261
18 108 10 2963
18 119 33 284785
18 120 11 546983
18 122 -46 934415
19 26 70 178722
19 41 -31 338938
19 44 -24 91180
19 47 -15 102690
19 52 -55 876013
19 53 44 26077
19 56 -75 959429
19 57 -36 856464
19 69 -50 545553
19 79 27 616879
19 87 29 502983
19 93 11 785743
19 100 -73 175283
19 102 59 941521
19 117 61 688479
20 35 37 14935
20 49 72 168369
20 53 12 575983
20 55 87 311039
20 58 -18 338142
20 60 12 381469
20 69 8 358899
20 76 -57 160789
20 84 56 122108
20 86 -45 208799
20 96 -68 488647
20 102 49 851845
20 106 -83 954076
21 31 61 598579
21 40 66 410119
21 49 -72 353830
21 50 95 728142
21 53 -80 830189
21 61 88 553971
21 64 -26 718753
21 82 -56 122139
21 96 -68 631112
21 99 12 665646
21 100 26 310198
21 105 34 985444
21 117 92 194193
21 118 -40 233116
21 122 -2 160217
22 28 -19 710745
22 40 37 863435
22 46 -99 917498
22 48 -77 772646
22 52 -64 867344
22 55 94 319633
22 70 -60 977650
22 76 16 575640
22 83 -11 415457
22 88 -28 894584
22 90 49 451088
22 108 45 295526
22 110 78 66443
22 113 -6 890223
22 114 99 235994
22 116 -30 226842
22 118 48 640336
22 121 18 427388
23 27 -12 396923
23 28 95 804368
23 34 74 606575
23 45 73 756439
23 47 41 223687
23 63 47 124338
23 79 -35 962508
23 83 24 933697
23 97 -86 720166
23 99 -49 443056
23 108 -1 281974
23 110 -99 575573
23 117 -17 747968
23 123 67 813553
24 25 77 30984
24 31 51 852805
24 32 55 273840
24 33 89 729905
24 35 -63 838191
24 40 91 1922
24 45 -33 364278
24 52 29 402195
24 56 8 465153
24 70 94 513689
24 73 -9 513508
24 75 -9 998952
24 81 98 70414
24 98 10 473531
24 99 24 764645
24 100 -76 860928
24 112 -70 463407
24 114 25 58392
24 117 -89 734173
24 121 16 536411
25 32 -30 603439
25 38 59 517162
25 46 85 35622
25 50 -53 291940
25 54 63 151657
25 59 59 250707
25 62 -74 828750
25 66 25 495557
25 73 69 123615
25 86 53 949109
25 99 25 218722
25 103 -69 389744
25 104 -99 454782
25 108 47 228662
25 114 -52 563229
25 116 45 164436
25 120 -7 526560
26 29 66 476457
26 36 -45 928171
26 40 -90 734233
26 45 -5 686706
26 55 55 467575
26 56 -19 30648
26 58 44 418070
26 62 94 481313
26 69 -6 668994
26 82 -4 520918
26 84 59 503959
26 85 16 142757
26 100 49 455767
26 121 -24 646114
27 43 18 971249
27 49 92 21063
27 50 78 9324
27 52 -6 724237
27 55 -49 349400
27 66 -33 904444
27 70 84 467370
27 71 43 35394
27 76 -47 285529
27 81 23 810685
27 82 -71 179260
27 94 45 747412
27 102 35 188896
27 106 22 672915
27 108 46 419801
27 118 -18 402253
27 123 -9 856227
28 34 92 616872
28 40 -53 313689
28 44 79 882192
28 48 62 693130
28 75 -46 183516
28 79 -69 878744
28 94 43 343489
28 96 14 69633
28 107 1 693841
28 109 77 511181
28 115 47 93081
29 44 -97 311163
29 52 -42 934066
29 53 27 342699
29 61 -11 443976
29 72 -90 200618
29 76 -61 131390
29 81 94 465745
29 83 -94 341504
29 93 -8 249309
29 94 -93 511935
29 104 76 605111
29 106 -38 492937
29 113 17 467241
29 116 50 171479
29 119 100 848849
30 32 66 357922
30 43 -20 728934
30 47 74 566094
30 49 47 178656
30 51 -12 105249
30 58 -12 365497
30 60 -98 938470
30 65 -77 196398
30 120 91 497065
30 121 23 201482
31 33 97 978024
31 34 47 275447
31 36 -56 242704
31 41 -85 441119
31 45 61 686552
31 75 -96 159447
31 83 74 636913
31 86 64 66958
31 91 31 796109
31 96 86 283039
31 116 96 35823
31 120 78 582917
32 33 -44 869049
32 37 24 307317
32 49 70 426637
32 54 -54 574858
32 83 -80 981004
32 87 49 146244
32 92 -72 579783
32 97 -42 749925
32 108 9 684986
32 118 38 823086
33 39 -81 477745
33 50 0 835162
33 59 32 114820
33 61 75 833627
33 64 12 171739
33 65 -93 325965
33 70 -1 671735
33 73 -81 677044
33 75 31 5214
33 80 -80 853245
33 91 18 299972
33 98 87 435073
33 101 34 716712
33 117 82 388382
33 121 48 82017
33 123 32 227885
34 40 97 611477
34 42 4 46763
34 65 92 937594
34 67 20 789615
34 72 6 380739
34 80 93 846419
34 81 98 551018
34 83 -99 778084
34 89 -82 158876
34 91 100 442464
34 93 47 724515
34 96 76 427167
34 117 10 907144
34 118 15 457124
34 122 7 426000
35 40 -47 270389
35 45 88 869736
35 46 76 578084
35 61 41 857807
35 67 68 355927
35 84 -11 49787
35 91 95 300531
35 92 -25 754528
35 94 69 841455
35 95 -67 601445
35 98 62 160304
35 110 23 728883
35 112 -94 690230
36 62 19 265693
36 75 73 366694
36 88 88 764446
36 92 72 153028
36 102 36 875598
36 105 13 506698
36 114 -4 589974
36 120 5 580135
37 49 44 35604
37 56 1 358170
37 59 -4 45847
37 76 20 24274
37 87 -45 824894
37 88 -76 981163
37 95 -56 291840
37 105 67 500703
37 106 -90 528689
37 107 -18 766423
37 116 -62 283889
37 118 -21 411044
38 56 41 649060
38 65 -11 735900
38 67 -71 456616
38 72 93 561003
38 74 -8 26357
38 87 -76 949550
38 89 78 447758
38 94 65 928813
38 96 -86 198635
38 113 64 146985
38 115 -9 56418
39 44 -90 690630
39 48 79 996430
39 63 29 79870
39 67 -42 953909
39 73 -22 73390
39 93 -80 419514
39 94 -28 706665
39 98 87 117415
39 101 -45 274864
39 103 -32 963158
39 104 28 907869
40 49 -79 833637
40 51 -27 285038
40 55 -13 563511
40 70 35 995358
40 78 -56 144612
40 80 -33 160451
40 83 -23 462801
40 85 -90 350572
40 91 -39 626420
40 103 -35 645744
40 120 -36 576175
41 44 -26 792459
41 49 -61 476804
41 68 -33 339155
41 75 -84 488797
41 78 -3 495941
41 82 -38 815455
41 85 82 962412
41 92 17 459106
41 113 20 999704
41 121 29 844804
42 43 49 33573
42 45 49 39872
42 47 72 555258
42 49 -77 654183
42 58 -88 450854
42 59 -7 196978
42 62 -51 428842
42 74 49 911808
42 95 -75 756319
42 103 71 193580
42 116 -13 807683
42 120 2 986580
43 46 -69 598580
43 49 -24 658291
43 54 90 974431
43 57 76 892809
43 62 67 52969
43 70 -65 931536
43 71 -99 691085
43 72 -29 63874
43 77 -88 193953
43 83 -100 386764
43 89 -69 310574
43 92 -50 761085
43 95 2 414269
43 98 -17 47683
43 107 50 706724
43 112 76 688049
43 113 20 756287
44 52 41 161046
44 57 8 398763
44 58 -91 811962
44 59 67 985149
44 69 -58 368023
44 71 95 84579
44 80 -92 659002
44 89 72 443230
44 109 -40 343951
44 110 50 52745
44 111 -46 609075
45 46 -10 179980
45 63 34 444598
45 68 98 1466
45 76 37 461908
45 83 51 924553
45 86 -46 584448
45 89 65 60276
45 90 -21 192125
45 94 33 823351
45 106 -70 266264
45 117 77 617644
46 56 11 430638
46 62 68 404782
46 64 37 268025
46 71 2 239985
46 75 52 530875
46 78 -33 620834
46 79 54 161256
46 80 95 653825
46 85 78 758056
46 90 77 101437
46 91 -14 676767
46 113 -64 930038
46 119 -11 29218
46 122 58 151109
47 48 55 385845
47 60 14 556020
47 64 26 807552
47 99 -96 285370
47 107 37 634553
47 111 40 702368
48 61 44 132549
48 68 -99 978315
48 69 10 317864
48 73 -39 105932
48 77 54 196816
48 114 -6 193582
48 119 11 678317
48 123 76 46945
49 64 39 739989
49 66 31 875175
49 69 -32 666196
49 70 90 365223
49 85 44 550552
49 93 -17 299690
49 105 85 131095
49 106 45 54197
49 114 -36 829267
49 119 41 892807
49 120 -37 685732
49 121 29 515356
50 54 24 247614
50 56 -59 803509
50 68 -26 755144
50 78 -16 107427
50 80 -59 441018
50 88 -89 966609
50 100 30 132933
50 108 -25 202325
50 114 60 733891
50 119 31 563021
50 121 -69 796757
51 59 18 231694
51 62 -83 496140
51 67 -47 995615
51 72 -93 977731
51 74 88 947748
51 81 72 279797
51 82 10 273385
51 86 68 78860
51 95 36 334413
51 103 65 81305
51 106 40 754170
51 113 69 164234
51 115 14 171043
51 117 89 490896
52 54 57 30370
52 55 3 390619
52 58 12 733943
52 67 -70 760385
52 77 30 993783
52 81 -16 913623
52 88 21 543969
52 110 -6 723127
52 111 42 863145
52 112 -38 842152
52 120 -1 640912
52 122 37 998021
53 59 -31 258302
53 63 64 953446
53 74 2 646917
53 76 -26 785351
53 85 -35 936489
53 91 86 93358
53 93 12 73803
53 106 -40 556277
53 110 -46 665067
53 112 86 823109
54 62 80 85579
54 78 -31 808140
54 79 11 97128
54 80 21 50436
54 82 -72 161840
54 97 85 467481
54 108 -64 350190
54 110 12 17172
54 115 -80 336156
54 116 63 995881
55 61 -20 954916
55 62 97 761481
55 75 -90 190901
55 88 -29 873138
55 96 -18 104362
55 97 -62 168832
55 105 96 415951
55 109 -36 104509
55 112 -74 467745
55 113 40 409996
55 114 53 36001
55 123 84 829059
56 61 83 165311
56 71 -53 488424
56 87 21 399045
56 98 -78 535020
56 103 51 55376
56 115 -73 292035
57 62 79 427051
57 79 -40 819093
57 89 91 632304
57 90 -38 672600
57 93 -33 360363
57 98 35 509726
57 108 20 115985
57 110 76 929383
57 114 95 319507
58 71 31 286998
58 74 -21 978455
58 75 -69 139825
58 77 63 975653
58 86 -11 63467
58 89 49 898744
58 91 -79 266903
58 98 -46 717119
58 104 53 762072
59 63 51 612608
59 65 -57 242951
59 70 -51 735707
59 83 37 15964
59 89 -5 157003
59 93 -64 604770
59 102 70 136794
59 104 92 233720
59 119 48 245579
60 61 -94 699724
60 70 -7 502262
60 71 60 364671
60 106 79 47569
60 107 30 788633
61 66 22 969126
61 67 -58 734908
61 71 -45 217703
61 81 75 600626
61 109 15 852205
61 111 -18 911386
61 119 28 392649
62 64 -10 469862
62 68 -19 247854
62 74 51 460573
62 83 7 863170
62 84 -19 37668
62 94 -59 231152
62 98 -52 940208
62 101 -72 183613
62 122 -94 527612
62 123 12 438793
63 68 -55 540482
63 75 -68 914841
63 78 59 944823
63 92 95 229722
63 109 -25 160820
63 116 -1 811576
64 70 -57 727539
64 75 -11 161557
64 81 -53 875001
64 84 -31 75974
64 89 70 527592
64 103 65 748913
64 104 -12 461517
64 113 4 998176
64 114 58 118015
64 115 72 496522
64 121 38 574158
64 122 -63 138746
65 94 -85 754051
65 99 -88 996755
65 103 35 886769
65 107 -89 287103
65 110 -95 606653
65 118 83 515093
65 121 -75 460714
65 123 -31 860356
66 68 33 919383
66 82 -90 551251
66 85 51 752674
66 93 -26 841540
66 97 19 527222
66 98 -89 817909
66 116 -9 430853
67 94 13 804153
67 102 47 957998
67 104 -1 327248
67 106 -5 271949
67 110 39 255618
67 111 -39 657626
68 81 17 569784
68 84 -78 199721
68 89 65 192097
68 95 81 386467
68 98 58 627046
68 100 -78 303077
68 101 -79 276286
68 102 -12 243791
68 104 -2 880293
68 106 -99 214623
68 112 -58 432371
69 71 1 723313
69 81 -47 615567
69 97 -30 114642
69 114 82 201899
69 115 39 38873
70 80 -63 392216
70 82 7 382429
70 90 54 685235
70 95 70 54850
70 102 36 488561
70 103 -91 298671
70 105 -72 833671
70 113 -50 520798
70 116 75 170088
70 119 -76 990166
71 77 -32 470418
71 79 55 60083
71 88 -55 450598
71 115 96 284131
71 121 -35 264547
72 75 -69 418271
72 76 16 566037
72 92 7 82585
72 98 67 638837
72 110 47 875018
72 113 31 409491
72 117 65 192406
72 120 37 660031
72 121 -5 911447
73 79 52 213884
73 88 68 169483
73 96 25 200259
73 110 -33 669574
73 112 -51 110451
73 115 97 648902
73 121 -58 877023
74 75 51 11584
74 78 -37 734538
74 79 27 391756
74 81 26 8141
74 84 14 117842
74 90 -72 385114
74 95 88 54257
74 112 22 297309
74 123 -39 849316
75 78 -44 911267
75 86 -63 766998
75 89 -86 687146
75 100 -63 534348
75 114 97 396979
75 119 -7 300570
75 121 -24 983004
75 122 -48 411483
76 81 -79 217778
76 95 75 526811
76 103 -51 877577
76 111 92 134931
77 79 73 432433
77 86 76 414086
77 90 -21 243280
77 92 -40 254027
77 94 32 415351
77 99 -54 253216
77 101 39 752051
77 122 39 557893
77 123 46 338373
78 89 -48 501994
79 80 -88 543187
79 82 25 257738
79 93 -14 98416
79 96 87 645221
79 108 -28 659952
79 116 -98 566303
80 94 -3 412559
80 100 16 857159
80 105 -34 324084
80 115 -67 746844
80 122 -93 150199
81 82 -69 172374
81 102 -68 349534
81 109 89 317380
81 111 -17 180974
81 114 -31 501678
82 97 21 270758
82 105 -92 564117
82 106 94 742484
82 115 99 977002
82 117 -65 231623
82 120 76 212810
82 121 -26 619769
83 88 -44 924933
83 93 86 808093
83 94 -48 800983
83 103 0 133932
83 107 -12 534008
83 117 -69 280870
83 122 -57 501698
83 123 -31 989867
84 92 -60 234459
84 101 -81 238022
84 105 52 250143
84 111 -33 697403
84 117 42 894619
84 121 50 889759
85 103 98 758072
85 105 -72 829738
85 114 -98 783023
85 116 -35 177859
85 122 2 90905
86 88 51 949332
86 95 49 313471
86 96 -12 785067
86 100 65 317780
86 106 29 30385
86 113 -53 771659
86 120 94 686321
86 122 85 256548
87 89 -32 448203
87 93 60 86769
87 98 -11 722123
87 105 -34 511276
88 109 56 519117
88 114 -2 39743
88 116 93 585273
88 118 73 567774
89 90 39 63149
89 94 78 611101
89 95 -76 407451
89 100 87 328277
89 102 73 314898
89 105 14 807637
89 110 41 57086
89 112 -3 856411
90 93 -8 477872
90 102 -10 275097
90 110 47 52930
90 112 6 240587
90 118 91 914072
90 119 -72 147807
90 120 23 897452
90 123 49 521802
91 95 22 60473
91 107 43 666002
91 108 8 512588
91 109 46 376825
91 113 53 781456
91 118 52 446524
92 98 -78 625587
92 103 -81 431565
92 105 -3 598368
92 111 -86 442675
92 114 -100 500128
92 117 34 353452
92 119 23 593813
92 123 36 774925
93 101 -30 638181
93 110 28 112632
93 111 28 813841
93 112 -71 904494
93 113 -98 861222
93 114 -70 381770
94 97 -94 315181
94 100 -68 128603
94 103 92 135391
94 111 -79 320366
94 117 91 471540
94 121 -42 606463
95 108 36 736691
95 110 66 6715
95 116 -37 725310
95 120 -69 304310
96 109 1 946907
96 116 -46 259576
96 119 48 308567
96 121 15 388110
97 100 30 159071
98 104 -32 665324
98 108 -70 166798
98 113 -79 124782
98 115 56 909183
98 119 -81 135861
98 123 63 968866
99 103 57 793633
99 107 99 88453
99 117 48 442671
99 122 -42 381834
100 116 -39 651921
100 118 -1 995470
101 104 -24 129611
101 110 33 649877
101 113 86 457450
101 117 4 359598
102 103 33 425363
102 106 5 205113
102 108 -16 685150
102 110 86 391472
102 111 -59 740184
102 122 -6 904566
103 116 -53 164202
103 119 28 951309
105 108 5 823466
105 111 6 675905
105 112 -20 634060
105 114 -37 312273
105 115 52 869187
105 117 -51 213406
105 120 28 673397
106 108 42 976187
106 109 -40 955565
106 110 14 911183
106 112 21 604600
106 116 -75 898791
107 108 -5 753196
107 109 -62 196307
107 110 -51 980398
107 113 10 821679
107 119 -34 398887
107 120 38 232486
108 109 96 124537
108 116 -22 752272
108 120 26 646787
109 115 -44 910753
109 116 37 718505
109 119 -12 306607
109 122 84 792457
110 111 -17 980305
110 113 -40 537744
110 115 70 476752
110 117 91 818203
110 123 28 986113
111 121 42 802259
112 114 19 565724
112 119 11 26717
113 122 -50 751545
114 116 -79 480235
114 118 82 30137
114 122 -76 669870
115 119 -53 130230
117 119 68 461818
117 121 -76 855506
118 123 -45 853656

